-2001 15 2
2015 15 15 2
-3001 10 10
15 10 6 2
3 6 15 3
-15001 3 15
10
3 6 7 3 10 3
15 10015 -3001 15
10 3
3 10 3
15 2003 15 2 15 3
15002 2 3 2 10
-6001 3 15
15 3
-3001
2 3 7 10
2 1 -9001 9011
11 9 11 11
9011 11 11 9
11 11
9011 11 11 11
11 11009 11 11
-11001 3 15 10 2
3 15 15 3
10 2010 -10001 3
15010 6 2 10 2
2 10002 15003 15002 10 3 15 2
6 2 6 10
2 3 2
15 3010 15 10 6 15
2 6 2 10002
10 3 3 15
2
2 3 15 15
15
10 2 2 3
2 2
6 7 10 10 3
3
10 3 3
6 2 6 2
15002 15003 3 7 15 2 10
6 15
15 6 2 10
3 2
-2001 3 3
-2001 3
6
2 10 15 2
15003 2 10 2 3
3015
3 10 10 2
10 15 15 2
6 2 3 2
15 3 2 6
15 2 6
15 2 6 2
2010 2 15 2 6
15 6 6 3
3 3 15003
2 6 15 6
15 2 2
10 3 2015 3 2015 15
15 10
15 4 9 11 9
9011 9 9 9
9
-9001
9 9011 9 9
9 9011 9 11
11 9
9 9 9011
-9001 11 11
11
11009 11 11009 9 9 11
11 11009 9 9 7
-7001 -11001 9
9011
-9001 11 7
9 11 9 4
-4001
-4001 1
3 -1001
1 1003 1 2
6 -1001
1 1003 1 1
1 1
-1001
1 1003 6 -1001
1003 15 1 1 15
1 2 6 1 2
3 6 10
10 15 2
15 10 2 6
3 2 3 15
15 1
10 2 15 10
1
15 6 3 10
15 1 3 3 3
15 3015 -3001 10 2
10 3 10 15
3 15 15 6
10 2 15 2
15 3015 15 10 2 7
-10001 2 15
3 10
15 15010 3 1 3 3
2010 15 3 10006 3 15 15 10
-10001 6 10
10 15 10
-10001 10015
2 3 15 2
15003 -2001 15 2010
3 6 15 15
15 6 15 3015
-10001 3
10 2 10002 15 2 3 7
6 15 10 3010
3 15 3 15003
15 10 10 10
15010
2 10015 15 3 15 3
3015 2 2 2
9 11 11 11
-11001 11009 11
11 11 11009
-11001 7 11 9 11 6
10 2 2 6
10 15 10 3
10 10 2
-10001 3 10015
2 15 3 15
10 10 15
2 3 10
6 15 2 2
2 3 3 3015
2 10 3 2
2015 6 15 10 7
15 10 10 6
15 15
-15001
10 2 6
6 10 2 15
3 15
2 15 15 2
7 3 10 15
-9001 11 11009
7 11 9 11 9011
11009
11 9 9 4
-4001 9
3 1 10 -1001
-1001 1010
-1001 3001
1 1010 1 1 10
2 10
3 10 15 2
15 10002
3 10 12 3 15 15 2
2 3 3 1
3 10 3 15
8 15 6 2 15
3 3
10 2
2010 3 2 10 2
15 6 10 2
3 15 2003
10 2 3 15
2 10 15 3
6 3 15 10
3010 10 2 10 2
6 3 15 3
2 10 10
3 -4001
6 1 15 1 1
1003 10 3 2 6
3 8 -10001 2 15
10 3 15010 2
-2001 15 6
15 15003 10 3 10 10
10 3 15 3
3 10 10
15 10 2 15010
-15001 2
10 3 2 3
6 2
6 15 10 10003
-3001 15 15003
3 6 10 10
15 7
15 2 2 15
15002 2 3 2 2
2 15 4
4 9 11 11
9011 9 11 11 9
9 9 11009
9 -4001
-4001 1 1
-1001 9
1003 9 3 15 15 15
10 3 10 6
6 10
15 10 15
15 3 10 2010
3 15 2 15
10 2 2 2010
10 2 2
-10001 6 15
10 6 10 3
10 10
10015 2 15 6
2 3 2 3
2 15 6 15
6 2 10
3 3015 2 2
15002
10 2 -4001 1
2 3 10 15002
6010 3 2 15 15
-2001 10 10
2015 15
2 15 2 2003
6 2 2 15
2010
-15001 3
10 15 2 2
2 10 10 2
15 2 10 15
10 3 2 2010
15 6
3 10 3002
15 4 4 4
4
4007 -4001
1 10 -1001 3001
-1001 1003
1 1010 1 1 1
-1001 15 15
15 10 6015 15 3 2 10
15 14 15 10 15 3
2 15
3002 15 10 10
15003 2 3 10 15002
2 10 10 10
6 10 10 15
6010 3 10 2 2010
3 15 3 3015
2 2015 2 4 2 3 15 15002
3 15 15 2
15 2 3 3
3 2 3 6
15 6 3 3
2 3002
10 15 2 10
2 3 3 3
6 3 10 3
15 6 6 10
6 15 10
-15001 2 6
2 3 6 15
10 2 2 10
10 -4001
4 -1002 16 3 2 -1001
1002 -1001
1002 1 10 10 6
6 3 2 10
7 15 2 6
2 6 2 15
2 3 15010 2 10
6 3 3 3
-3001 15 10
10 2015 3 2015
2015 2010 15 2 10 6003
15 2 15 15
2 3
-2001
10 2003
10 3 3 2
3 10 3 10
-6001 2 2 6
10 6 15 10
15003 2 -4001
4 10 1 2 1 10
-1001 2001
-1001 1015
-1001 10 10
3 1
-15001 10
2 15 3 12
15 3 13 10 1 3 15
10 15
-3001 10 3002
10 2 3 2
2 15 10
15 2 10 10
2 10 2015 3 2
10002
6 2 15 2
6 15 6 3
6 3 15 6
-3001 10 3
15 2 2015 10
6 -4001
4 1 1 2
-1001 1002
15 10 3 3
6 10 15 6
5
1 2 3 10
10 15 1 6
15 6 2
2 6 10 10
7 3 2 2 3
3 3 10
6 3 -6001 3 3
10 3002
15 10 15 6
15 2
-15001 2 10
-15001 15003 3 15
2 10 2 3015
-15001 10 3
2 10 15002 2 15
6 15 10 3015
-2001 3 10
