2 2 15 2 2 15 15 15 2 3 
3 10 10 15 10 6 2 3 6 15 
3 15 15 3 15 10 3 6 7 3 
10 3 15 10 15 3 3 3 15 10 
3 3 10 3 15 2 3 15 2 15 
3 15 2 2 3 2 10 6 6 3 
15 15 3 3 3 3 3 2 3 7 
10 2 1 9 9 9 9 11 11 9 
11 11 9 11 11 11 9 11 11 9 
11 11 11 11 11 11 9 11 11 11 
11 11 11 3 15 10 2 3 15 15 
3 10 2 10 10 10 10 3 15 10 
6 2 10 2 2 10 2 15 3 15 
2 15 2 10 3 15 2 6 2 6 
10 2 3 2 10 15 3 10 15 10 
6 15 2 6 2 10 2 10 3 3 
15 10 2 2 3 15 15 15 10 2 
2 3 2 2 6 7 10 10 3 15 
3 10 3 3 6 2 6 2 2 15 
3 15 2 15 3 3 7 15 2 10 
6 15 15 6 2 10 3 3 2 2 
2 3 3 10 2 2 2 3 3 6 
2 10 15 2 15 3 2 10 2 3 
3 3 15 3 10 10 2 10 15 15 
2 15 6 2 3 2 15 3 2 6 
15 2 6 6 15 2 6 2 2 10 
2 15 2 6 15 6 6 3 2 3 
3 15 3 2 6 15 6 15 2 2 
10 3 2 15 3 2 15 15 15 10 
15 4 9 11 9 11 11 9 11 9 
9 9 9 9 9 9 9 9 9 11 
9 9 9 9 9 9 11 9 11 11 
9 9 9 9 11 9 9 11 11 11 
11 9 11 11 9 9 9 11 11 11 
11 11 9 9 9 7 7 7 11 11 
11 9 9 11 9 9 11 7 9 11 
9 4 4 4 4 4 4 4 4 4 
4 4 4 4 4 4 4 4 4 4 
4 4 4 4 4 4 4 4 4 4 
4 4 4 4 4 4 4 4 4 4 
4 4 4 4 4 4 4 4 4 4 
4 4 4 4 4 4 4 4 4 4 
4 4 4 4 4 1 3 1 1 1 
1 1 1 3 1 2 6 1 1 1 
1 1 1 3 1 1 1 1 1 1 
1 1 1 1 1 1 1 1 1 1 
1 1 1 1 1 1 1 1 1 1 
1 1 1 1 1 1 1 1 3 6 
1 1 1 1 1 1 1 1 1 1 
1 1 1 3 15 1 1 15 1 2 
6 1 2 3 6 10 10 15 2 15 
10 2 6 3 2 3 15 15 1 10 
2 15 10 1 15 6 3 10 15 1 
3 3 3 3 15 3 15 3 3 10 
2 15 2 6 10 3 10 15 6 3 
2 10 6 3 15 15 6 10 2 15 
2 10 15 3 15 15 10 2 7 10 
10 2 15 3 10 10 3 3 10 3 
15 15 10 3 1 3 3 10 2 2 
10 15 3 10 6 3 15 15 10 10 
10 6 10 2 2 10 10 15 10 10 
10 10 10 15 2 3 15 2 15 3 
2 2 15 2 10 3 6 15 15 15 
6 15 3 15 10 10 10 3 10 2 
10 2 15 2 3 7 6 15 10 3 
10 3 15 3 15 3 15 10 10 10 
15 10 2 10 15 15 3 15 3 3 
15 3 15 2 2 2 6 10 2 9 
11 11 11 11 11 11 9 11 9 11 
11 11 11 9 11 9 11 11 7 11 
9 11 6 10 2 2 6 10 15 10 
3 10 10 2 10 10 3 10 15 2 
15 3 15 3 10 10 15 2 3 10 
10 15 10 3 6 15 2 2 2 3 
3 3 15 2 10 3 2 3 10 2 
15 6 15 10 7 15 10 10 6 15 
15 15 15 15 15 10 2 6 6 10 
2 15 3 15 10 2 15 15 2 10 
7 3 10 15 9 9 11 11 9 7 
11 9 11 9 11 7 7 11 11 11 
9 11 9 11 9 9 4 4 4 4 
4 4 4 4 4 4 4 4 4 4 
4 4 4 4 4 4 4 4 4 4 
4 4 4 4 4 4 4 4 4 4 
4 4 9 3 1 10 1 1 1 1 
1 1 1 1 10 1 1 1 3 1 
1 1 1 1 1 1 1 1 1 1 
1 1 1 1 1 1 1 1 1 1 
1 1 1 1 1 1 1 1 1 1 
1 1 1 1 10 1 1 10 2 10 
1 3 10 15 2 2 15 10 2 3 
10 12 3 15 15 2 15 2 2 2 
3 3 1 3 10 3 15 8 15 6 
2 15 3 3 10 2 2 10 3 2 
10 2 15 6 10 2 10 3 15 2 
3 10 2 3 15 2 10 15 3 3 
3 2 6 3 15 10 10 3 10 10 
2 10 2 2 6 3 15 3 2 10 
10 3 4 4 4 4 4 4 4 4 
4 4 4 4 4 4 4 4 4 4 
4 1 6 1 15 1 1 6 1 1 
1 1 10 1 1 1 1 1 3 10 
3 2 6 10 3 15 3 3 8 10 
10 2 15 2 10 10 3 15 10 2 
2 2 15 6 15 15 3 10 3 10 
10 15 10 3 15 3 3 10 10 15 
10 2 15 10 15 15 15 2 15 10 
3 2 3 2 3 6 2 6 15 10 
10 3 3 3 15 15 3 3 6 10 
10 15 7 15 2 2 15 2 15 2 
2 3 2 2 2 15 4 4 9 11 
11 9 9 11 9 9 9 9 9 11 
9 11 11 9 9 9 11 9 9 4 
4 4 4 4 4 4 4 4 4 4 
4 4 4 4 4 4 4 4 4 4 
4 1 1 1 1 1 9 3 1 1 
1 1 1 1 1 1 1 1 1 1 
1 1 1 1 1 3 9 3 15 15 
15 10 3 10 6 6 10 15 10 15 
15 3 10 2 10 3 15 2 15 15 
2 10 10 2 2 2 10 15 15 15 
15 10 2 2 15 10 10 10 6 15 
3 2 10 6 10 3 10 10 10 10 
15 2 15 6 3 15 3 2 3 2 
3 2 15 6 15 6 2 10 15 3 
3 15 2 2 10 3 15 2 15 2 
10 2 4 4 4 1 2 3 10 15 
2 6 10 3 2 15 15 3 3 2 
2 10 10 3 15 2 2 15 15 2 
15 2 2 3 6 2 2 15 2 10 
2 2 10 10 3 2 15 15 15 3 
15 2 15 15 15 3 2 10 15 2 
2 3 10 10 2 2 10 10 2 15 
2 10 15 2 10 15 10 2 10 3 
2 2 10 15 6 2 10 10 15 3 
3 10 3 2 15 4 4 4 4 4 
4 4 4 4 4 4 4 4 4 4 
4 4 7 4 4 4 4 4 4 4 
4 1 10 1 1 1 3 1 1 1 
1 1 3 1 1 1 1 1 1 1 
1 1 1 1 1 1 1 10 1 1 
1 1 1 1 1 1 10 1 1 15 
15 10 3 2 15 10 6 15 15 3 
2 10 2 15 6 3 10 15 14 15 
10 15 3 2 15 10 3 15 3 2 
15 10 10 15 3 15 3 2 3 10 
15 2 2 10 10 10 2 3 3 3 
6 10 10 15 3 6 10 3 10 2 
2 10 3 15 3 3 15 2 2 15 
2 4 2 3 15 15 2 3 15 15 
2 15 2 10 15 2 3 3 3 2 
3 6 2 15 6 3 3 2 15 2 
3 2 10 15 2 10 15 10 6 2 
3 3 3 6 3 10 3 15 15 15 
15 6 6 10 6 15 10 15 15 2 
6 2 3 6 15 10 2 2 10 10 
4 4 4 4 4 4 4 4 4 4 
4 4 4 4 4 4 4 1 16 1 
16 3 2 1 1 1 1 1 1 1 
1 1 1 1 1 1 2 1 1 1 
1 1 2 1 10 10 6 15 1 6 
3 2 10 15 7 15 2 6 6 3 
15 2 6 2 15 3 3 2 3 15 
10 2 10 2 15 6 3 3 3 6 
3 3 15 10 2 10 2 15 3 2 
15 2 2 15 2 10 15 2 10 6 
3 15 2 15 15 2 3 2 2 2 
2 15 15 3 10 15 2 3 10 3 
3 3 3 10 2 3 10 3 3 2 
3 10 3 10 6 6 2 2 6 2 
2 10 10 6 15 10 15 3 2 4 
4 4 4 4 4 4 4 4 4 4 
4 4 10 1 2 1 10 1 1 1 
2 1 1 1 1 1 1 1 1 1 
1 1 1 1 1 1 1 1 15 1 
1 10 10 3 1 15 15 15 10 3 
10 2 15 3 12 15 3 13 10 1 
3 15 10 15 3 3 10 3 2 10 
15 10 3 6 2 2 15 3 10 2 
3 2 15 3 2 6 6 3 15 2 
15 10 15 2 10 10 2 10 2 15 
3 2 2 15 10 2 6 2 15 2 
2 6 15 6 3 15 10 3 6 3 
15 6 3 3 10 3 15 2 2 15 
10 6 4 4 4 4 4 4 4 4 
4 4 4 4 4 4 4 4 4 4 
4 4 4 1 1 2 1 1 1 1 
1 1 1 1 1 1 1 1 1 1 
1 1 15 1 1 1 1 2 15 10 
3 3 6 10 15 6 10 10 3 15 
5 1 2 3 10 2 2 6 10 15 
1 6 15 6 2 2 15 2 10 2 
6 10 10 3 10 10 2 7 3 2 
2 3 10 10 2 3 3 10 6 3 
6 6 3 3 10 3 2 15 10 15 
6 15 2 3 15 15 15 2 10 15 
15 15 3 3 15 15 1 2 10 2 
3 15 15 15 10 3 10 2 10 15 
2 2 15 2 3 2 6 15 10 3 
15 2 2 3 10 10 3 10 2 10 
